-6.891430169343948364e-02
1.033350676298141479e-01
-1.773901283740997314e-03
-1.433518901467323303e-02
-5.018410831689834595e-02
-4.638568311929702759e-02
2.120250277221202850e-02
-1.061349064111709595e-01
1.306672692298889160e-01
6.477314047515392303e-03
3.086695373058319092e-01
-5.036734789609909058e-02
-2.326489835977554321e-01
-1.132447868585586548e-01
2.284924127161502838e-02
1.792579740285873413e-01
-2.074988484382629395e-01
-8.580147475004196167e-02
-2.145560644567012787e-02
3.087098710238933563e-02
4.453976079821586609e-02
-5.676392465829849243e-02
8.116485178470611572e-02
9.068392962217330933e-02
-8.794906735420227051e-02
-4.097041487693786621e-01
-1.444837749004364014e-01
-1.581492424011230469e-01
2.109443582594394684e-02
-5.960806831717491150e-02
-9.298809617757797241e-02
7.827699184417724609e-02
-1.438036561012268066e-01
-5.803330242633819580e-02
1.093534659594297409e-02
3.293284773826599121e-02
-7.492161542177200317e-02
-1.079837754368782043e-01
2.571323513984680176e-01
7.086024619638919830e-03
-1.766854971647262573e-01
1.740787923336029053e-02
1.795816235244274139e-03
2.713739573955535889e-01
1.863021403551101685e-01
3.263847902417182922e-02
6.099989637732505798e-02
-5.463151633739471436e-02
4.620900377631187439e-02
-2.002421170473098755e-01
6.722608953714370728e-02
1.338480114936828613e-01
1.177264153957366943e-01
3.114227205514907837e-02
-3.402451798319816589e-02
-9.052285552024841309e-02
2.052376978099346161e-02
3.679360449314117432e-02
-2.552316486835479736e-01
-5.319084040820598602e-03
4.793479293584823608e-02
-1.419121623039245605e-01
-3.344602882862091064e-02
-5.916259437799453735e-02
2.428911477327346802e-01
1.632222980260848999e-01
-9.521001577377319336e-02
-1.039540469646453857e-01
1.325814872980117798e-01
-1.627686619758605957e-01
-6.389570236206054688e-02
-1.233543641865253448e-02
-1.780825853347778320e-01
-2.361775785684585571e-01
-3.286613821983337402e-01
6.057175248861312866e-02
3.471289873123168945e-01
1.133724600076675415e-01
-1.701397746801376343e-01
4.627200216054916382e-02
-6.283552199602127075e-02
-4.730410873889923096e-02
9.433609992265701294e-02
1.218387857079505920e-01
-6.284829974174499512e-02
-1.238075364381074905e-02
-1.480099111795425415e-01
3.899719193577766418e-02
2.096179276704788208e-01
-1.334199756383895874e-01
-4.090376570820808411e-02
2.284310907125473022e-01
-3.919386118650436401e-02
6.824591755867004395e-02
4.745929315686225891e-02
3.712003678083419800e-02
1.468265801668167114e-02
3.813331946730613708e-02
-9.786693006753921509e-02
6.863640248775482178e-02
6.949105113744735718e-02
-9.397243708372116089e-02
-2.324593253433704376e-02
8.402550965547561646e-02
-1.945002824068069458e-01
2.808535099029541016e-02
1.221211906522512436e-02
-4.794139787554740906e-02
2.213650569319725037e-02
-6.475926190614700317e-02
-1.623896658420562744e-01
-1.096635311841964722e-01
1.479481905698776245e-01
-2.486512362957000732e-01
2.141674458980560303e-01
2.091736048460006714e-01
3.096489608287811279e-02
1.266580224037170410e-01
5.888345837593078613e-02
6.297095865011215210e-02
-2.645243331789970398e-02
-7.647923380136489868e-02
-2.154234796762466431e-01
2.952151698991656303e-03
1.616321802139282227e-01
5.596484988927841187e-02
5.245311558246612549e-02
2.176945284008979797e-02
