-5.413440614938735962e-02
1.996740698814392090e-02
2.078599296510219574e-02
-6.987841427326202393e-02
-6.949821859598159790e-02
-2.289369702339172363e-02
-7.873186469078063965e-02
-1.018953993916511536e-01
1.007294058799743652e-01
-1.607854664325714111e-01
1.804173290729522705e-01
-9.466317296028137207e-02
-2.210764437913894653e-01
-5.155257880687713623e-02
-6.121955066919326782e-02
2.247085273265838623e-01
-1.421344280242919922e-01
-1.613892167806625366e-01
-3.606067597866058350e-02
1.051473617553710938e-02
7.431376725435256958e-02
1.787043362855911255e-02
8.587628602981567383e-03
8.992631733417510986e-02
-1.387548446655273438e-01
-3.081289529800415039e-01
-1.547179818153381348e-01
-3.877137228846549988e-02
-9.271141886711120605e-02
-1.285912841558456421e-01
-6.082418560981750488e-02
1.129157841205596924e-03
-1.869610399007797241e-01
1.257888972759246826e-03
2.562302350997924805e-02
9.074816107749938965e-02
-4.313308745622634888e-02
-1.070317178964614868e-01
1.876220703125000000e-01
6.612200289964675903e-02
-2.586110234260559082e-01
7.550963759422302246e-02
9.935089945793151855e-02
2.522136867046356201e-01
1.526164114475250244e-01
2.049728482961654663e-02
-1.079942751675844193e-02
-1.715812981128692627e-01
1.190986186265945435e-01
-1.975243836641311646e-01
8.270951360464096069e-02
1.196809858083724976e-01
5.215287953615188599e-02
9.174294769763946533e-02
-1.471137255430221558e-02
-7.378660142421722412e-02
6.398862600326538086e-02
1.834411621093750000e-01
-1.682734489440917969e-01
5.121403187513351440e-02
1.086231023073196411e-01
-6.899788975715637207e-02
-2.578173577785491943e-02
-8.658973872661590576e-02
1.796037256717681885e-01
1.146678626537322998e-01
-1.152666658163070679e-01
-2.379939854145050049e-01
9.509311616420745850e-02
-1.972669661045074463e-01
-1.100279316306114197e-01
1.098510399460792542e-01
-1.150348782539367676e-01
-2.296302020549774170e-01
-2.992089986801147461e-01
1.669751107692718506e-02
3.256485462188720703e-01
1.500040888786315918e-01
-1.806057095527648926e-01
5.005941912531852722e-02
9.645726531744003296e-03
-2.385382354259490967e-02
1.564299017190933228e-01
1.857812404632568359e-01
4.466816782951354980e-02
3.739830851554870605e-02
-7.107977569103240967e-02
3.390192985534667969e-02
2.730539739131927490e-01
-3.883773088455200195e-02
-2.085440233349800110e-02
2.382454276084899902e-01
1.940751820802688599e-02
7.467252761125564575e-02
3.417238220572471619e-02
3.458676487207412720e-02
-6.307658553123474121e-02
4.145732894539833069e-02
-1.525573730468750000e-01
7.960483431816101074e-03
-2.505230903625488281e-02
1.397775858640670776e-02
-4.349273443222045898e-02
8.445430546998977661e-02
-1.207519918680191040e-01
1.817019879817962646e-01
-6.415665149688720703e-03
-3.978446871042251587e-02
-2.300088852643966675e-02
-8.055999875068664551e-03
-1.178031340241432190e-01
-4.412402212619781494e-02
1.130221709609031677e-01
-2.560064792633056641e-01
1.555768549442291260e-01
1.681974828243255615e-01
1.164812371134757996e-01
6.616056710481643677e-02
1.175459921360015869e-01
9.831979125738143921e-02
-8.150629699230194092e-03
-4.876028001308441162e-02
-2.701394855976104736e-01
2.280787192285060883e-02
1.331940293312072754e-01
-4.317823797464370728e-02
1.109959036111831665e-01
-1.587382331490516663e-02
