-1.759520173072814941e-02
1.168882995843887329e-01
1.233451813459396362e-02
-2.534814551472663879e-02
-2.717667818069458008e-02
-8.607222139835357666e-02
-3.344190120697021484e-02
-1.088297665119171143e-01
1.511234939098358154e-01
-1.341798156499862671e-01
2.438616156578063965e-01
-4.429452866315841675e-02
-1.909722685813903809e-01
-9.378363192081451416e-02
-9.148612618446350098e-03
1.617383807897567749e-01
-1.998304426670074463e-01
-9.416000545024871826e-02
-1.154706031084060669e-01
8.212879300117492676e-03
1.452454626560211182e-01
-5.513195879757404327e-03
4.449471458792686462e-02
3.220002353191375732e-02
-5.628416687250137329e-02
-3.478600680828094482e-01
-1.171746626496315002e-01
-4.653778672218322754e-02
7.857855409383773804e-02
-2.741388976573944092e-02
1.192439347505569458e-02
1.001397520303726196e-02
-1.696553081274032593e-01
-8.073125779628753662e-02
1.978255808353424072e-03
5.828164517879486084e-02
-5.020058155059814453e-02
-9.255157411098480225e-02
2.090188860893249512e-01
-1.801181584596633911e-02
-2.260962724685668945e-01
2.919520437717437744e-02
1.009267568588256836e-02
2.140609622001647949e-01
2.322483658790588379e-01
7.351923733949661255e-02
4.326923936605453491e-02
-1.418008953332901001e-01
1.272877156734466553e-01
-2.302995473146438599e-01
3.241207450628280640e-02
1.302590668201446533e-01
7.906381785869598389e-02
7.865249365568161011e-02
3.996475785970687866e-02
-8.667771518230438232e-02
5.494251847267150879e-02
9.091160446405410767e-02
-1.349311619997024536e-01
-1.970475353300571442e-02
7.397224009037017822e-02
-7.712713629007339478e-02
-2.161027118563652039e-02
-2.213165163993835449e-02
1.796476691961288452e-01
5.535614490509033203e-02
-1.025460809469223022e-01
-1.386558860540390015e-01
1.487212479114532471e-01
-1.813524961471557617e-01
-1.120492964982986450e-01
6.497895717620849609e-02
-1.337727606296539307e-01
-1.605759561061859131e-01
-3.508121967315673828e-01
-7.734045386314392090e-03
4.429777860641479492e-01
1.045242622494697571e-01
-1.567545533180236816e-01
2.490467205643653870e-02
-1.695959270000457764e-02
1.476510614156723022e-02
1.671736687421798706e-01
1.432836651802062988e-01
-4.594673961400985718e-02
-3.466344624757766724e-02
-1.305160522460937500e-01
5.405749380588531494e-02
2.329138219356536865e-01
-9.449929744005203247e-02
-9.339646995067596436e-02
2.153661251068115234e-01
1.350123807787895203e-02
1.116818338632583618e-01
1.657314226031303406e-02
5.085390806198120117e-02
-1.628536731004714966e-02
3.585521504282951355e-02
-1.480095237493515015e-01
7.964335381984710693e-03
1.554852426052093506e-01
3.506686538457870483e-02
-4.131081700325012207e-02
1.306180059909820557e-01
-9.690967202186584473e-02
1.186161786317825317e-01
-1.408157497644424438e-02
3.487116843461990356e-02
6.506299972534179688e-02
-2.135938405990600586e-02
-1.448403596878051758e-01
-4.936802387237548828e-02
1.200954169034957886e-01
-1.386551409959793091e-01
1.828235834836959839e-01
1.967369616031646729e-01
1.743130758404731750e-02
5.803478509187698364e-02
1.314851045608520508e-01
7.249411940574645996e-02
1.382248103618621826e-02
-5.261683464050292969e-02
-2.631115615367889404e-01
-5.409259349107742310e-02
8.198451995849609375e-02
4.904084652662277222e-02
7.195293903350830078e-02
-3.140965476632118225e-02
