-8.726169168949127197e-02
5.249036103487014771e-02
3.468539565801620483e-02
-3.023510798811912537e-02
-5.455038696527481079e-02
-1.073891669511795044e-01
-2.619336917996406555e-02
-1.434189081192016602e-01
1.173427551984786987e-01
-9.732747822999954224e-02
2.121992558240890503e-01
-4.500273987650871277e-02
-1.951876729726791382e-01
-1.259406805038452148e-01
-3.605308383703231812e-02
1.370944380760192871e-01
-2.008879780769348145e-01
-1.074029803276062012e-01
-5.456797778606414795e-02
3.177028149366378784e-02
1.064964011311531067e-01
-3.055977076292037964e-02
9.480931609869003296e-02
2.876996248960494995e-02
-1.223923414945602417e-01
-3.394093811511993408e-01
-1.126480251550674438e-01
-1.101029664278030396e-01
1.488659530878067017e-03
2.630342543125152588e-02
-1.918226480484008789e-02
5.452588573098182678e-02
-1.310724616050720215e-01
-3.615192323923110962e-02
3.068859875202178955e-02
1.255659908056259155e-01
-2.761580795049667358e-02
-3.154058754444122314e-02
2.284288406372070312e-01
-1.300731487572193146e-02
-2.467364668846130371e-01
-3.275087475776672363e-02
2.696254104375839233e-02
2.298519313335418701e-01
1.888695061206817627e-01
4.103784263134002686e-02
5.434971302747726440e-02
-1.131227761507034302e-01
1.212869063019752502e-01
-1.954135596752166748e-01
2.749001234769821167e-02
1.722410470247268677e-01
4.021488875150680542e-02
6.827832758426666260e-02
2.094980329275131226e-02
-9.712347388267517090e-02
8.846959471702575684e-02
1.082602888345718384e-01
-1.397082507610321045e-01
-6.033042445778846741e-02
9.034314751625061035e-02
-8.701471239328384399e-02
-1.719377748668193817e-02
-3.866264969110488892e-02
2.240930646657943726e-01
6.545783579349517822e-02
-1.269611567258834839e-01
-1.665597856044769287e-01
7.513779401779174805e-02
-1.768874377012252808e-01
-1.201533228158950806e-01
5.614817887544631958e-02
-2.061079740524291992e-01
-1.503736674785614014e-01
-3.709589838981628418e-01
-1.235292851924896240e-02
4.322425723075866699e-01
1.025696396827697754e-01
-1.018510311841964722e-01
5.498820543289184570e-02
-9.069103002548217773e-02
-1.007413864135742188e-02
1.322535276412963867e-01
1.375544667243957520e-01
-4.385608434677124023e-02
6.215362250804901123e-02
-1.225861459970474243e-01
7.386431097984313965e-03
1.839977949857711792e-01
-1.132799983024597168e-01
-5.382511019706726074e-02
1.394371837377548218e-01
1.133620738983154297e-03
1.235919669270515442e-01
-6.876382976770401001e-04
-2.254243195056915283e-02
-4.436153173446655273e-02
6.252134591341018677e-02
-1.282630264759063721e-01
2.278561145067214966e-02
6.603855639696121216e-02
-1.551933586597442627e-03
2.082030475139617920e-02
9.582431614398956299e-02
-1.571801155805587769e-01
9.082950651645660400e-02
3.848075866699218750e-04
5.400925874710083008e-04
2.478121221065521240e-02
-3.655515611171722412e-02
-1.475777924060821533e-01
-7.081949710845947266e-02
1.112784296274185181e-01
-1.995635330677032471e-01
1.942701786756515503e-01
2.167199850082397461e-01
8.640687167644500732e-02
9.211006760597229004e-02
1.531532555818557739e-01
4.772510379552841187e-02
-4.233229905366897583e-02
3.596550226211547852e-02
-2.030946016311645508e-01
5.515755619853734970e-03
1.011700183153152466e-01
2.667641639709472656e-02
8.837519586086273193e-02
-2.965407446026802063e-02
